7968
5841
20481
26071
14735
12908
4280
27740
16966
24757
21717
14939
29577
15469
12135
11448
13434
22211
22833
5178
24983
28103
23888
16281
32388
26401
31006
27608
13579
25347
13143
3796
17761
31580
28282
12318
19370
847
31346
17414
32448
23267
26998
15608
19504
11004
11310
18188
30086
7562
14615
25048
4811
26112
17192
19593
7755
11784
17334
30770
28060
14964
23445
29795
15323
23672
20352
2558
10553
791
9146
30790
21430
220
6902
2105
27949
22986
7285
27168
29329
11669
17774
4452
26742
4627
10674
675
16595
29165
1936
18435
19974
17306
29430
32710
26392
11406
15322
14623
8515
25774
5080
4932
17073
28168
14109
21189
21127
29889
7299
24860
27170
27470
28925
27269
11168
14055
25142
3600
419
57
31861
21492
3153
31836
8132
24102
24480
16900
20561
1834
30416
32507
26132
25386
313
8655
24498
22341
27718
19400
23714
15145
20162
7964
654
14564
6482
15718
20988
24311
12355
2645
11821
6316
21126
1697
7237
170
29177
22340
32173
16839
24809
19686
18870
31261
30932
32665
2687
21600
7795
21190
8472
19311
18167
30055
5351
19496
25236
12919
29259
10625
20540
9639
31872
5844
16045
10323
14019
7291
7853
2740
2230
15005
2708
27991
517
11847
18188
20174
330
3263
16661
8613
16942
10517
11596
32408
5841
30714
11372
18178
20589
26069
6421
19353
6966
21268
25292
19289
20868
10944
6724
24254
2611
18261
4827
9014
26186
6608
15720
15062
25052
18185
8244
29772
11308
12099
4166
12053
19220
5122
4068
20464
3496
20509
30294
22930
4630
22035
17645
32155
25297
26786
19780
14793
28398
16790
3270
21867
25038
6880
24944
21273
7677
19943
31704
10915
24410
32035
12911
24391
18552
31719
6659
17959
24389
26750
1928
4346
15593
11386
24343
28929
29937
22345
21559
26172
30637
1801
32604
3807
29654
21405
27821
2816
31604
28673
2058
18578
28671
30170
2638
19350
31173
3922
19409
18064
3723
29474
8242
5944
19319
26352
8019
31603
9774
15324
32676
4737
14649
31062
26021
32376
12205
10802
19622
14833
5131
32766
27857
30209
1637
16531
17003
5227
7618
12778
6743
4627
30916
30769
18396
30134
16776
6686
26536
5849
10446
8068
21524
20735
7258
32292
11945
30495
15514
18629
8931
6997
21896
21639
17974
32472
24274
18548
14671
15916
18232
19288
28316
3481
3894
17362
14862
6619
30436
24236
3614
24859
17178
20328
2574
6174
24023
32539
15729
28605
21988
7551
17645
20117
436
18499
9280
21247
18831
15525
385
12611
23792
18243
9640
16904
22315
26158
26193
21775
5970
20801
23741
7201
20314
23729
3610
16966
3706
27108
26884
824
19156
23175
15435
22295
11863
14811
2807
1630
10980
4175
24969
14870
6575
5460
4228
23626
27113
13165
28716
23738
8860
4741
4494
11731
15318
7302
192
3551
4873
12327
31850
28794
32434
30214
18053
7237
17721
3062
29283
20702
31512
31386
21488
2319
3136
10547
29751
11589
29880
17334
12072
19012
27784
18210
24216
8218
2773
10256
13961
7505
9293
18315
13996
6761
26822
10787
21796
27014
1057
9533
18061
3685
18037
30381
1853
12948
5994
31367
2505
10723
14562
29489
11979
6934
7391
6077
27107
8412
21153
23670
14332
30469
20238
10681
19153
2031
5207
29959
3503
28225
31961
28759
26492
16092
11585
17329
24056
12047
29172
1272
32323
27402
2990
25096
11936
12438
12136
12545
19832
515
15744
23265
16802
1377
29716
21593
24545
25587
8366
6361
18862
15840
5415
23534
10552
1580
25541
25805
28330
23271
9895
18480
29356
11684
22115
29792
8748
20525
29677
17299
5982
14709
2491
2169
17409
5838
18470
18706
4325
32092
16660
7106
5802
20426
1748
23207
21450
11323
12873
8490
986
30340
5195
18388
31756
21144
5706
21092
12537
9027
3636
1054
18845
24860
2457
3685
25507
23989
21518
3468
27875
18196
15567
18410
13866
32615
24488
25388
9017
7411
29973
1007
7184
9806
28072
2959
9068
24270
23723
26681
13966
14145
30215
11080
23102
14046
9060
22990
30992
28796
29842
11120
30438
22530
28455
11128
7606
3103
362
28709
18317
26683
7280
23621
27092
29357
14725
7942
26067
31534
20174
26122
17011
32141
30508
30137
13128
7333
20834
7131
4302
18829
23163
12390
9715
27406
18278
6292
30422
6490
8676
57
25807
16890
11428
15700
21423
18441
21163
4580
13385
29856
9722
16381
6193
19345
12651
9242
12995
6232
8669
18869
27495
18254
2704
11797
25876
24352
18642
9576
7955
11904
19164
5649
4870
538
15863
32323
29736
30410
26595
30671
29654
15372
12152
11834
12111
23220
6286
31507
10936
21471
14107
7299
32099
11305
23963
14886
4944
14112
2741
11289
10228
14073
23067
14421
24122
9346
31922
14907
6600
13144
31731
26735
32131
26202
19601
11498
13141
18525
29787
17227
24878
7458
18277
4462
28488
7813
98
28224
944
6646
14421
19154
22274
557
361
29100
18035
18714
10524
20579
18197
5659
26019
32622
7767
11378
29322
31797
971
5622
24732
18795
4141
26120
7426
27038
7584
10441
29615
26636
32058
21131
4347
25529
9667
17285
18061
20670
16314
13258
6015
25572
12953
7036
20413
23665
5979
27452
10926
8258
13370
10470
19735
24090
26045
17531
5692
10810
6386
14687
3144
18738
15096
20421
26606
7414
16833
4711
849
26676
12822
19578
12321
23525
18140
9185
14599
8995
7573
9121
4676
24890
3114
19093
32149
22017
999
29283
9561
7275
9671
8878
29429
14169
27634
9357
9336
24754
3204
27196
25979
20150
31120
7954
28492
25487
8805
29619
29771
31529
23055
31367
23187
19268
1825
10347
2525
2504
178
19878
20642
19800
15526
6942
9344
23593
13103
1996
16863
23829
7058
10861
28372
7915
26159
23418
25926
27146
6076
13147
10319
4142
27089
14552
18660
11913
21673
21456
23993
22038
26151
22573
12895
3626
2583
15639
29103
25932
10167
21608
20332
1094
14453
5728
29988
30588
15355
21915
13911
8829
11625
28479
20444
4568
24033
19322
13951
7985
22601
16940
14575
7059
12876
14304
30936
29704
28322
1793
32588
1127
21650
2379
28775
3182
24757
21887
8755
31504
13052
1371
6857
1040
7668
6089
14777
13263
15177
17239
4268
30051
10634
19687
12104
16104
22315
13991
26196
22555
32464
23364
17949
28453
14537
18779
23576
28596
17880
29489
29640
20560
30523
1699
24290
18925
22502
352
2224
11708
31505
21845
22707
19783
5106
12649
10380
10429
15052
17003
20765
22410
808
72
4843
24363
18274
23426
24006
27713
19816
24285
15277
8676
10431
6492
25324
29497
32199
25707
13191
15175
2623
23134
9179
1798
5899
4378
24707
17849
14133
27922
9081
21374
30771
8310
1661
4644
26472
10918
21691
1084
4333
27629
8104
7795
23440
8556
6957
17183
26141
23892
1287
7191
18909
20313
7022
18120
26205
29027
26356
1669
6768
27782
23473
28959
3703
18996
5533
18870
29664
17841
13373
32206
24045
20936
6530
30885
6071
9917
4078
16581
7026
27778
7160
5077
3826
21805
31922
29876
26990
15274
8105
24521
9861
6829
3084
6548
10878
28651
2321
19337
15316
24458
917
25375
13810
11222
30467
26404
22843
21813
23926
14163
23629
30301
27426
27176
8839
12484
6384
15603
15305
15704
17000
18988
4474
30065
23252
31238
25808
26628
32162
24902
587
20249
24075
598
20099
31103
23026
9365
4132
31934
13327
13810
6967
17229
14668
27321
16803
19205
21871
4012
11507
10198
23290
16982
1369
7865
591
924
2547
27877
25624
22677
32334
3910
29414
28060
4393
7723
14360
28579
8315
4415
22527
4042
32439
32698
8512
25904
7502
12504
11129
8456
16501
4235
18727
18672
8234
23660
20679
27519
6769
7416
315
797
23268
16121
1392
31512
7018
24898
23358
2804
25159
10911
8591
23554
24917
15372
4548
11572
23184
4901
10324
26927
11736
28894
16566
25250
29683
6260
10370
10966
19154
31396
28115
13959
14101
8474
27887
17651
16081
28204
24874
15664
8592
1224
32007
30146
20889
27819
19873
6765
4722
18132
27977
9288
24740
9785
18801
6163
1726
24760
32713
32458
924
27728
5799
19578
9705
7313
5292
10580
227
21585
15269
20736
7774
32673
27311
31796
4620
27136
27551
2180
20987
17614
12192
21116
30815
29187
16158
30188
21138
26400
24803
26755
24921
15462
15488
8863
11881
15430
31727
19044
6954
1818
12406
5388
3258
7954
32462
21117
6453
28785
22149
22305
6708
10745
14497
14322
18579
31139
20870
3284
17784
404
27162
11560
13456
6477
29734
6814
19356
12066
13824
3658
31533
24045
22887
23547
5291
2819
25006
8136
4508
8295
19741
27115
24611
14142
26004
23763
22727
18051
1137
29044
16758
10748
19892
21986
458
5485
9825
6686
27787
18443
27174
7983
17012
5171
9278
31861
21050
3932
20373
20283
22986
32331
25133
10379
3282
20870
10176
3398
25732
17930
12199
15476
7319
32320
20986
12248
398
10030
4089
2759
29756
32234
21418
27451
18056
18773
21188
20772
21870
7173
6348
4094
1094
29315
31870
32424
32073
439
1134
22900
23377
18848
32495
2683
8416
16457
20788
19507
8292
10488
16821
23107
14777
27560
16852
9365
4336
185
31425
14509
8783
17639
8603
21818
22424
18809
22232
23531
655
29882
5350
5508
24758
1709
29202
31793
3163
22013
14762
26
32468
22835
8286
31287
2058
20523
6124
16742
24372
8649
1533
5563
12517
16872
25161
22039
20041
13203
2
13308
25003
31608
1648
22943
19515
5785
23769
13887
4367
18757
3491
25782
29031
23111
25788
24654
7733
3677
19770
31701
8925
30700
12863
20212
27961
28401
26400
3516
5856
17723
23238
32386
21416
2776
6740
493
10601
30413
26377
24909
21764
18442
25449
22318
164
12956
7063
1582
12100
11557
27910
21003
370
12937
4432
20224
14162
19435
20582
15186
5093
30424
7658
14118
1419
15297
9689
11925
14279
2223
3181
10754
29251
9266
25922
30891
26900
19610
9655
27007
25150
22378
5783
1584
21627
25866
2297
1160
25400
31932
21092
25088
23521
9425
21559
23951
6238
19229
4680
17344
27358
4520
7372
16647
30419
21414
20855
11861
6973
30378
14308
3050
21036
23574
32054
7787
10624
1750
21248
25140
14580
18766
13666
18671
14683
3984
23669
30053
8489
6611
23785
27029
27188
15137
15341
23299
25788
28751
31311
8531
15273
25394
23269
29462
3605
11792
26667
25828
16906
29525
32045
24235
29837
7559
21928
31558
10971
23420
26988
1618
10482
11467
5892
3133
4435
4736
24985
12447
12807
14356
17940
16078
8928
10396
27523
10413
6401
25664
12990
26564
5024
27119
26954
29846
17931
2385
9085
18478
25321
4349
483
7164
11459
11501
26081
23519
28611
2350
22936
32387
18619
3292
12044
14317
23912
16718
6790
14932
27129
14734
19511
31027
18379
3596
19741
8860
20855
16531
9003
17103
18446
7291
164
17931
7587
26401
712
19620
18698
29844
17330
1366
1760
29841
17281
473
11211
2994
27830
14773
27651
3298
14301
12120
15378
26388
12912
27494
11992
6965
27896
16976
29905
20062
5237
6184
24731
19535
15104
5812
5298
3609
5039
2497
15999
6426
9657
21945
657
18990
15066
15480
32298
24868
3321
25692
509
24687
30473
21915
27190
5406
11565
25050
14267
23311
16415
10747
20145
29023
28626
13878
32323
29476
4438
21611
13726
18527
3069
12470
2624
9004
12732
23621
29555
23868
30419
13926
24340
18821
19632
27620
921
20024
9233
148
4947
23284
23146
5931
13551
3897
5766
27474
25923
9503
22640
12797
9800
29768
16532
21496
8034
8467
21026
14018
4840
19474
13491
1951
19680
21951
14639
15593
28426
2666
9710
16807
15905
19062
3613
32609
21597
709
14436
14898
23868
2417
22725
29470
16002
12989
8648
17574
21118
12875
28885
28058
6032
7311
6625
32303
30952
7299
5709
23377
5264
12700
6922
3130
8877
2557
23042
1604
25090
19692
29363
27387
11701
27010
22045
27767
8278
15782
8671
19433
26653
10556
13981
9843
12403
24985
3492
1085
17588
6458
4561
24005
20532
20406
32687
2934
24448
24050
4319
21373
1766
4756
30397
2520
21047
29370
26688
30383
25035
29419
18210
30440
22726
15438
8257
2806
154
21017
2886
18417
17869
11085
11652
24300
29181
5281
25635
11907
18209
28347
22909
4787
24593
7334
2504
26351
31305
13953
31478
28271
3305
21620
11225
5836
20737
1513
32395
18634
7948
18680
8717
15220
17850
5666
16174
32111
15859
21571
27822
10376
24600
18626
11940
29583
32396
22539
1309
5736
2419
10815
19974
13407
8121
2089
32332
16572
12630
1141
30273
4503
5841
17692
30018
5358
16899
291
28823
23541
27678
1669
20890
28845
25838
23662
24347
10680
26462
21929
22020
28780
5949
10076
30009
11558
3138
22515
194
19937
3662
6746
44
6919
26354
26991
15404
20102
27697
30647
16262
8487
10375
18255
24365
16924
17450
32294
3500
27863
5007
19050
32196
4387
28464
27456
22615
16749
14477
12728
2437
23394
12400
3584
26900
7872
630
31960
16917
9829
10699
26949
32196
30637
4917
22154
30129
7162
8276
26196
12573
30868
28712
3893
4519
22708
4307
5971
13096
24027
32416
10082
731
19048
5189
2511
20929
23146
20581
27198
26179
7859
5209
10551
20762
3630
16432
6172
2412
16754
20468
12639
5175
3222
24111
8433
15091
27463
12206
12542
5491
29465
11397
28375
27405
16411
27220
7216
12026
4014
11208
16523
7167
32151
31076
28404
13133
5970
14209
5103
8871
14761
23955
24495
21954
27782
12975
8328
14065
12550
13130
8615
25346
30158
1092
25089
21602
9634
5925
14217
18824
1076
25510
12966
27281
19769
23155
21988
29224
18882
29999
30186
23977
20426
1976
21932
26758
24587
13997
21217
22249
22039
14126
14008
21403
24227
15331
32454
25892
10278
13120
12867
15924
419
15111
6007
27969
23490
27918
23919
12146
24614
26946
3572
27324
4859
16620
23486
4939
13006
10035
8420
35
19106
2786
8599
29447
10816
32108
26384
22425
14542
2862
18119
32196
21923
26867
27110
21335
15194
6845
26877
24818
6437
30659
20471
3622
22116
12214
7757
28888
13431
13640
6009
11238
17104
12783
30638
8462
22860
26342
24774
31243
3267
8054
4988
19712
20958
6259
18651
24602
16936
265
16374
20593
14184
30905
21466
8240
12591
11934
11713
28662
14509
1525
26504
26492
14024
25564
12899
4471
28784
2650
21968
11968
7468
9376
6857
17586
19449
26766
30526
27347
2645
29049
3522
7095
407
14380
21893
3362
32385
19500
32386
21357
5912
12865
26105
21547
25267
3121
12064
19468
30803
28111
21526
27649
10034
820
17176
20896
7583
27725
23543
24267
29192
29078
25033
13452
16985
30244
13535
21828
23941
19177
26872
12805
11105
18228
2996
10044
18105
19063
12108
11411
32158
2893
3455
15381
11261
22459
22224
13459
9334
10934
494
15175
7018
15078
12148
24760
18518
26282
30162
3293
12640
8540
10635
30341
21808
17878
30114
10743
9985
29237
22606
25301
4344
20701
22517
15686
28852
29373
1112
595
16934
7892
6156
5010
27811
15091
20009
14850
26167
12741
16454
23607
8509
31246
24740
24503
30764
9008
25769
14755
2996
2803
13200
29338
18186
8325
11616
8666
32384
22720
24090
9128
23640
14252
28983
3827
4058
4933
31057
11828
29348
29566
24609
32664
6210
13189
4777
97
31742
18505
15794
18313
16633
20538
11897
13225
14459
20559
11174
12314
8840
16974
23165
21850
23732
22600
1112
26801
29496
6498
20565
32532
18500
15324
17740
18249
17815
24651
10244
16204
19534
4649
2470
22770
22265
12688
6769
20940
500
10819
5296
16974
28149
7150
21481
10288
12513
22447
27736
28693
18660
22228
22171
17003
17856
3815
943
6034
7269
18152
27931
22336
22723
20953
30059
1828
8668
21120
11488
19657
17437
27752
20070
18110
13806
1577
2246
244
19080
233
26653
2151
1798
2339
29581
25088
19903
25767
21298
26810
21460
25058
4696
22277
5381
19552
20971
32616
14793
2703
32558
30825
9117
18630
25264
16305
5020
21893
7037
6252
8016
4863
23185
10479
26568
8661
29330
7069
18154
10533
4030
18187
26379
24515
11298
8546
30909
15046
5132
773
31464
25927
3780
31860
18717
25957
32631
17265
25638
4748
4724
31585
10466
16632
19099
23796
26960
18036
785
264
7145
15464
14649
21195
5427
8978
13024
27936
32659
18964
21688
26437
1378
8751
15624
21682
24900
23630
30369
31812
18613
31174
22548
2714
25829
12764
25378
17344
19910
20616
14452
30730
15203
29304
29581
16451
24947
16984
764
17671
10542
6993
20694
5486
15711
13519
20323
20715
7355
15240
15896
10355
9841
31674
15045
31457
21762
179
29456
4249
6995
19863
2594
14955
6145
4958
1696
22459
4852
2076
23773
2015
31031
17285
26958
2761
19206
17584
28478
5350
12329
1307
28610
6725
9857
15600
27888
21756
32481
15494
27980
2760
7199
32555
21379
22003
10346
23329
24156
30075
13533
29414
25835
26736
30549
19384
8968
22686
6784
11609
10751
6252
21559
12048
18825
14340
13838
5616
1275
30132
27689
26716
26814
3476
24145
23243
21503
11370
26438
31177
2727
2506
5719
13631
9102
28034
12081
12531
9963
9269
23541
32338
28944
10053
17805
9070
11604
31734
1599
4931
32080
3537
10882
31550
8270
2119
13329
2560
12030
29591
21311
4959
16235
6386
19082
13741
1326
29148
12402
25661
16865
9941
908
31524
6615
24889
17618
16445
8458
29797
3133
30064
13397
8731
19350
24627
29412
32296
13193
27216
27624
13635
28411
16361
21647
15161
10397
3770
23091
9287
3777
19103
25810
11719
18797
6998
23998
14864
5806
22405
20117
17303
303
12543
27764
2906
25866
30275
25448
1662
14046
3398
30245
20278
16674
2930
17915
7400
19385
3822
22277
1931
25030
15648
9380
6740
10689
2672
23083
31121
971
12111
988
8149
25150
28280
19476
30293
4233
4214
6338
19602
23611
14439
7453
29496
21597
30207
13207
32326
4869
14544
5132
29296
17704
2248
14912
25026
25776
10235
4232
15237
22734
418
12999
21350
28818
2660
23964
25557
27577
30165
24026
4012
1478
25917
5177
10001
14164
29594
24907
13213
8618
17128
3505
4030
22672
28319
654
3417
32353
1918
26172
28596
26210
31879
28990
15508
12626
5451
3958
10402
6210
24935
8600
8979
22951
16719
29407
17544
31918
27722
14079
9523
24271
6078
9306
24124
16293
9134
32374
14947
16125
28801
9391
23014
301
16901
31017
19877
28071
21427
13321
28036
15309
565
30437
28177
16903
11813
13432
31079
15123
15384
16539
20306
30109
21979
7281
12467
8720
20732
21217
6694
12971
24204
31049
4579
471
26660
10352
3298
12984
15910
445
12099
2
31557
5287
27628
27918
16712
14445
18292
3373
13066
11783
16960
21820
20422
7772
11755
11128
5009
18613
29163
10644
296
30066
882
17673
30956
252
5267
20910
299
4858
16038
4744
25505
21960
11245
19683
17471
16932
1144
4513
5419
21291
8773
12499
3079
13957
20652
2950
31862
19676
6906
14303
15324
3730
28253
11115
29286
10419
4864
24496
32075
26152
16502
9480
18001
14638
20828
6063
13458
30983
23098
27418
6784
10223
10155
32650
17703
21842
26558
30178
4274
28732
667
13749
9777
7697
26218
6564
18073
27006
19056
13799
18188
23983
11643
27945
8795
25027
4993
18329
17354
26749
18052
16446
28435
18492
7864
31882
27053
20269
5608
8755
18765
26559
10774
16190
2990
24919
21346
30813
23438
12614
4397
29050
9977
16376
21117
9364
27337
5741
15779
6858
22382
32749
6940
15285
13035
29688
26550
9979
7201
23677
20979
19489
4944
3148
9906
13473
27611
31180
28940
13373
2891
4593
20861
29586
6551
14185
20548
2288
1699
16918
12044
4969
2310
4801
32203
3112
31248
3853
30443
16901
13068
6569
26280
13142
20418
23242
8633
14855
31296
27865
20274
15853
9178
16744
2473
24919
20336
21099
7063
23526
20719
29605
23298
30623
9754
22624
26713
25663
19595
8545
21664
21710
14580
1819
29388
7031
21419
29731
22641
14231
7782
9188
20890
2580
26435
6548
19448
9200
11531
871
32064
25374
6327
24066
18638
20884
12339
27698
10382
31393
9827
22238
7452
10881
27748
2362
26922
19503
26644
7486
7203
22906
29652
27735
12301
4443
2956
6236
16052
26758
19184
8387
4613
26687
8450
22549
5048
28527
23768
19871
24626
2551
30624
32619
169
21060
16353
26734
4233
4387
18948
16131
21014
4055
18962
30616
30291
20586
15039
24487
7203
8256
30120
25833
19119
14578
8409
23750
27399
25433
5522
24591
1292
20712
9291
3823
17293
7999
23029
20767
944
14846
10883
26202
29588
3799
9385
23313
1076
18408
4835
13663
12943
71
11706
28223
27654
9950
17219
2813
4613
889
30696
27370
24805
4637
1130
7508
15889
10396
5415
21429
12648
6758
11929
17451
3555
20130
15136
4136
3448
31869
9729
875
25662
450
10158
16175
3793
1964
10056
9634
24568
27128
21858
6552
4485
5181
25608
26241
23677
18816
32767
25752
23673
2563
28495
11614
16972
2911
30975
29767
6630
30418
31264
22451
10105
25050
19469
15903
8154
13571
24560
5021
16425
29949
13192
31617
2228
8689
810
19038
7961
8469
23814
23601
7083
25727
31148
6875
17943
17719
32207
18645
1352
17295
2376
25631
1671
8631
14173
13689
24551
3212
29764
24534
12768
18097
19427
1038
3130
2529
5594
19667
6700
4739
8899
30438
22982
2431
20152
10634
25228
16465
7446
13114
32612
29532
16769
32407
8114
1664
14889
21412
25537
28654
24395
14645
18533
17723
3066
2725
13790
7860
17439
5576
30208
17650
31679
21792
21905
23726
25468
6740
29939
1238
24159
15581
3074
6879
1236
8451
9536
6494
22774
11016
5168
17618
4109
29347
11007
6852
5461
19120
29545
14099
10754
28965
28379
9097
18048
31560
8661
17841
8447
21023
28307
24301
32047
21288
748
21187
10568
26955
23930
10104
19534
12813
11771
29920
27027
774
5367
13684
15741
25493
1700
11685
22409
20178
21766
23920
5520
20932
9562
12339
25674
22997
21685
24255
26896
18306
4073
14254
30950
6487
8872
16887
184
17179
16876
28095
17124
1352
21909
18290
3577
22718
1364
24851
20670
17079
3273
26064
12151
9470
6888
3034
32355
24156
16545
22643
17801
20307
12992
27209
12725
5903
25362
15874
5821
7322
13513
8472
26376
14415
20513
18151
17489
4497
22852
13316
3497
1213
3691
29649
3771
9564
4423
19534
13396
12446
24479
25650
27171
1028
16186
3899
1469
27740
8447
13506
25315
24818
16219
1170
5384
32517
31715
28154
21006
22904
16443
3361
31313
28874
26166
666
25062
26440
27454
26936
16165
17793
29431
24100
25188
25339
23839
20268
6918
18212
29369
862
28085
5771
28266
4566
32747
24656
25635
15060
23735
24538
19456
22290
30398
1735
13424
20820
2944
25385
24471
24128
19420
13807
20464
26224
28118
19873
2103
22214
2969
31057
646
19199
29624
10190
8894
18059
20153
1818
10280
28572
15828
14366
25180
126
22264
27293
11618
25382
8719
30055
31000
11021
31619
16079
24531
24895
1
2398
4169
22190
25981
30921
3759
28877
25974
25377
4382
9306
7291
16970
31547
4731
750
22958
15639
31757
25352
25650
6484
32569
28701
24170
5770
21320
25377
16648
8168
30392
16492
16283
6431
911
10938
24438
27003
7663
26486
31469
16979
12523
30776
1224
9380
28057
28044
8177
27129
16488
22261
24432
21646
12468
29745
17049
27316
24216
3007
16772
8567
4868
2719
32190
6783
5647
20825
27454
31028
16270
21056
1435
4902
30181
25848
25980
32683
3869
29494
19023
19146
18487
25287
27710
20311
18112
24788
10846
31840
22694
29284
26922
2504
26186
28194
13617
24626
19158
17249
32267
14368
1745
12893
32145
13404
241
22979
8014
31640
18736
15732
31792
5457
4641
10886
16003
3577
21637
7308
544
9812
20762
2072
1250
4643
25779
11902
15194
2560
25229
24282
7620
13449
26849
18516
16697
10944
25526
16802
4390
7090
12793
10703
15612
21335
8399
17979
11817
10426
12586
16868
6728
5977
23451
12771
1428
1999
18023
17210
18851
2992
8668
30156
29777
4277
7909
2221
4858
20249
13277
31644
15852
30530
9121
18894
30747
25252
31465
16878
14103
19427
30680
8033
10044
21047
4049
18638
40
19477
1933
22494
32115
11532
20842
20032
20378
749
9734
7153
6459
20014
2829
23226
19592
14736
15439
25338
31990
29952
11030
7589
31029
14267
1974
14221
16741
11702
2405
6624
11655
21565
26701
19442
22577
2522
15840
8765
8582
21880
16236
24231
24166
10440
1775
9731
2018
8676
24108
28377
32499
4147
16382
19818
14443
16524
1005
16623
25899
21662
26623
26146
27287
10639
27856
13055
16199
4579
14309
8140
32767
26272
28734
24919
20706
13231
18730
6271
24290
902
12128
6901
5499
3588
19530
14660
23713
20124
21412
9743
29431
17846
20294
25242
14401
26962
23870
21645
31772
2287
5154
26868
9453
10411
421
26761
17175
6059
30567
24886
25713
17853
6674
18646
15351
7228
26274
15676
29119
24117
8708
1398
12079
21447
26339
14418
15214
17616
17855
11298
15384
1734
11071
5053
28214
8674
200
27846
27501
20868
15182
9009
20341
25555
19562
3586
20941
15523
10669
10584
10157
32669
24117
12715
16957
9625
23165
1106
15620
335
30329
26952
4259
30511
23011
10799
24003
27789
16080
6805
25676
12801
17030
30071
31447
27918
14481
13315
6759
17665
13332
16802
21075
22300
15198
12598
14471
13812
22973
22432
10733
30744
919
28550
28453
6643
182
10835
6524
14068
20708
21119
11292
24044
16056
25360
25984
1207
5295
14433
15659
24350
10366
15906
27034
7420
12455
16032
631
21408
6219
14150
4879
5747
17727
22116
12550
730
1122
1584
27465
17246
4141
10507
9541
19979
25995
27397
12887
25109
23275
19618
17795
2242
11668
19167
2408
7555
31033
18544
29811
8548
19918
7244
11604
23975
22426
26987
5038
6572
19852
9166
16659
26645
6610
26305
5679
20263
28840
93
10307
20594
18798
22096
8918
5044
28158
2017
29095
14587
5180
28974
18149
5642
13807
29624
20898
25342
6863
10274
14470
6705
18654
23862
11456
3935
20220
2089
10562
519
7606
2592
12846
12052
25184
28402
10379
9661
6243
2352
1597
25514
17623
3939
5684
31832
4181
7828
31971
20414
13062
17938
9460
5169
26368
111
25658
14213
21715
15820
27879
23413
11870
25430
24319
28996
27624
25617
3596
14501
24428
22229
20244
9689
4659
11670
25288
29463
8360
29160
20478
24880
2153
10945
16993
27507
7322
20353
16743
29390
5246
27697
21380
9271
26696
23304
24990
7754
28718
14132
28352
6708
31168
27863
30738
7119
18296
2639
4361
27918
11922
14010
4059
26780
18205
29113
24118
22464
25171
117
16945
26500
15142
11232
13187
30998
5403
13374
4338
20846
15707
7651
18959
27697
8712
15166
20769
30166
29645
6166
26975
12551
1465
10772
9570
19274
24397
27266
10713
25824
13523
15698
2175
20461
14834
18786
18250
19162
640
9726
26597
14840
26007
423
865
9318
5867
9746
20008
30772
27226
32116
6194
22984
30149
31997
7547
641
1311
6306
15028
29339
5315
9248
23096
31315
17931
17726
11587
24139
542
23378
1374
6959
16137
6
25118
3225
6930
1372
1806
31538
16968
5360
11754
22043
21087
21630
10510
7051
12475
13219
2605
13497
1739
18152
8518
18684
22680
21500
26580
19504
27038
29505
11334
19549
25562
27274
4526
17043
29988
9508
14269
27416
22207
27923
7919
26822
29487
18845
7427
14254
7754
9997
30126
13057
5010
11185
27536
12849
11970
24101
23911
339
4775
211
17283
14536
12849
18107
8570
14364
28618
17776
16412
18478
18150
18531
17321
10385
13276
26980
29250
3123
19956
4710
16030
18748
18369
19587
27390
16441
18865
64
22627
15994
23266
2833
22014
24504
19511
20000
1256
13052
22956
6730
9235
9915
30182
7530
22657
70
29711
13531
17843
25186
992
18744
2661
10034
13311
5990
30072
4446
28300
2773
1840
6254
9206
3330
4767
21623
6164
28225
4961
19706
1393
19385
2954
12041
2791
5808
32221
11947
5999
8457
22591
6018
18487
21258
25195
20651
27893
28259
1254
22502
9852
620
31798
30711
21388
30127
19535
15948
16367
18598
2126
29663
18881
30150
17001
7518
28944
4796
14374
18058
1445
5878
3788
7389
26400
27493
13335
7535
2891
10113
14128
23066
16040
8078
11740
6620
21324
10270
31220
22654
12784
13016
789
26995
326
10359
14488
16899
22409
9238
28613
11945
10840
29610
29251
30649
28868
464
20691
14661
11176
3273
20031
29250
18489
20162
30348
3815
4317
31577
13943
29270
8257
13918
1824
17278
2725
26582
512
320
12667
4422
28960
8656
30001
2094
12173
16735
14667
14803
28167
9207
28340
23617
12281
3750
6230
12433
5294
15326
32232
14952
16577
28444
263
4288
31701
27592
18569
11243
22151
21340
13838
21716
27809
11977
22999
6537
6032
10007
22748
27382
9497
12619
31000
18419
26183
12685
18472
6530
10920
22922
4116
9297
31673
17944
3693
13191
11422
8216
8600
24765
4630
17569
24681
7497
30383
14427
20468
24771
7990
27176
11167
8386
29554
2314
29564
30183
7954
28993
13526
4637
16099
29875
16650
27678
28230
657
18072
17466
18658
29240
122
26196
13462
30037
28597
19757
1969
30029
21293
2789
24422
24540
20925
6846
14970
9980
2695
36
11328
30728
32649
22250
15303
28193
3698
14551
17234
17361
27571
7265
25608
18414
21464
4280
25069
6593
26393
31494
31761
28776
25388
14581
5384
29049
12126
19571
16281
23272
28386
29874
954
1067
3433
22642
28605
31387
31219
9602
18884
15646
996
18820
30074
23299
3674
10226
25093
31277
3518
29022
5174
2164
921
32766
8451
7240
27817
23911
11320
18583
21813
21913
16233
26609
1949
15164
3371
8939
2357
16681
29828
13761
22867
3372
22687
14655
9895
26632
8388
29409
28363
11964
29832
28729
15387
26885
2113
29073
30151
10532
3517
26578
30247
6369
7476
2468
23374
22480
10874
17367
17889
3795
23161
2306
31274
23776
19679
17513
5992
261
11796
29732
22889
26025
9583
11902
6235
28948
29609
5788
31456
16178
21906
1119
3680
10387
32514
25482
14755
15031
16915
3624
15775
1417
13965
9768
14478
25129
30114
12875
24388
5870
15836
576
24768
31916
4947
7693
10241
2354
12323
17584
28699
25367
22813
15878
24201
25271
27325
1005
6085
9336
12892
1701
534
4178
26535
4221
10921
31374
23120
3243
228
16845
10244
13691
23543
3661
3740
28076
32436
5736
11927
18710
3488
3165
20936
2193
11082
6483
2636
3347
11995
2459
15807
1560
10479
3638
28847
24391
10915
14231
26193
12626
751
3497
26739
14878
26167
26900
19378
8228
13340
29117
1005
1303
20376
26251
23802
11206
15690
4721
11159
13637
31758
4777
2723
14663
19409
21053
30862
15823
22180
24268
26894
21000
28686
31371
7955
20592
24231
3978
25342
3132
25570
26681
26893
28153
30251
20778
31770
17263
24882
2072
16518
18122
16518
7209
9072
8444
2149
9072
18986
27485
4307
27062
5613
29844
22249
31866
4043
19643
26736
14390
20710
23742
11694
15076
15072
3332
1408
24513
5266
16210
26537
10321
24321
8172
362
13987
30349
4605
83
15574
21612
15160
32600
1500
1111
29376
18983
31614
8835
5957
27321
19872
30163
4208
13607
7879
31308
32642
17856
23000
28617
25400
9560
5411
16624
13041
2018
9887
22116
13586
22850
19831
10812
5290
3164
5318
12213
31314
24689
21407
25379
11352
4267
28241
5678
31260
8694
15593
19514
30393
17170
15096
15143
18152
29414
25750
17467
1570
24856
25766
31068
1797
15578
30812
643
29433
26119
11261
30573
3347
13422
21734
404
7226
18798
27856
23133
16520
8131
12882
31123
14322
19871
12967
2068
22060
11516
8370
27338
13255
24113
7487
31197
22685
22724
21644
14375
25966
32384
5384
7913
203
25799
17242
20924
2867
18473
20389
20170
24189
24117
4107
28477
7285
31118
9328
19448
20682
13378
18304
23173
27176
5208
12531
22095
20129
24232
27919
18962
3921
3056
19823
19855
32578
5155
22276
19332
12685
1028
20825
25563
8898
4340
23323
15906
4490
7944
10200
24635
19083
27999
19207
23893
27532
23731
13385
28955
25050
1069
16622
23338
10218
2174
1723
3785
1599
26923
15338
2772
23438
14376
24691
28154
12321
28585
3210
6953
6265
23093
2153
581
11063
16636
4431
24864
3645
21610
28617
4263
24336
764
17200
12889
31360
12883
9843
20990
26508
3719
4630
20373
27008
25533
8059
9614
32096
13820
4449
24377
18057
2876
17834
21375
11926
7104
29793
30672
15489
23718
24571
24412
26378
6333
23261
14982
26205
2966
17951
27285
18671
13022
28048
32173
20393
18922
25850
9983
21832
9108
19111
1852
17668
22086
4899
22863
25711
28244
16964
22347
29857
6799
13672
27554
28306
1815
25342
665
24263
23152
13128
4088
9265
2264
22110
7430
5714
29144
15223
29364
22177
31770
3428
13337
20784
9082
22621
32030
12428
11615
15616
22907
18660
30540
21655
10210
15982
5042
10906
15737
27399
10505
28533
23950
18202
18206
18570
22919
22978
9903
24954
27927
29747
1845
8864
10936
15446
7937
12511
3157
19123
20874
6814
31814
24468
8198
22032
27266
29543
2103
29881
16912
9829
17800
12334
21183
21361
10328
13340
791
19011
30614
18827
24207
29893
4238
18276
21505
27581
14594
27697
14426
16045
22397
1317
24982
29431
1508
1628
28140
32325
12878
30819
2885
16424
16917
24315
21235
16128
27438
32026
3488
11291
14261
6707
29572
29473
26572
11447
15580
22703
9638
3548
5783
27714
16351
6813
20306
20823
24079
26114
20614
9168
25502
24737
14336
31642
29914
6501
9618
21389
21062
31630
4361
22419
32309
11769
15454
24077
24728
30626
5681
4210
23829
19815
8306
1849
3929
27919
12130
23802
8622
10634
5306
31952
29136
19578
2857
12289
30716
12531
30212
12001
9291
31615
18746
14579
9790
4966
11654
30802
21146
16684
13544
13391
7030
5722
13141
5980
20114
642
4014
3113
3562
14717
8431
30220
13963
20215
27561
18598
10662
11054
21426
17092
11235
15606
5658
20611
20215
3329
8034
22712
6521
5725
4585
31118
24817
2110
4263
30833
2611
21758
8733
26923
9195
12898
16268
20557
3960
28447
25702
17617
11262
16796
12802
21757
14262
29690
31635
12939
23433
4434
20059
27142
5342
30781
18972
10615
29104
30362
24016
23105
21219
21131
15513
4682
10456
25793
7931
8283
24127
10234
9289
14282
25900
25031
26717
32598
6765
18579
8588
1874
29468
19169
23258
27398
10352
23509
7785
8530
21976
26870
9272
16532
15691
23858
22794
14796
9689
21795
20899
20222
2183
26768
32314
18648
32601
11575
12844
12181
10928
22217
21486
2849
214
6199
18757
28286
15320
10796
29625
21094
22932
6874
20807
818
25106
19194
5462
9722
26648
15374
19948
6398
30712
5098
26914
13124
26797
31090
11989
10115
17190
11941
671
3648
13282
3035
517
23351
15037
16458
21234
16892
3338
31695
13925
19938
24033
26092
13158
12572
186
1549
28222
3874
6715
271
32743
18007
21327
20482
25026
31976
17016
21550
16776
29943
32614
27733
20867
27641
5320
28472
26878
2396
17506
12124
2298
8301
20832
27662
6434
18810
17642
21413
28929
5683
24824
31495
371
25942
13672
28271
12889
6540
2894
16237
18577
14222
6795
13358
26662
12171
15777
31741
1731
21966
6085
3338
25198
20124
24886
3946
20594
29019
19918
31072
30877
26362
16854
16603
20652
1932
18719
17983
27652
15158
1102
23656
29603
25164
120
4589
23125
2231
11503
8097
8491
26778
25435
8288
16425
53
13836
30216
1855
16137
30862
32709
2939
3644
13950
1426
29820
14400
3229
31996
15914
29616
6179
2857
17060
5498
28758
26650
8314
11843
24154
1837
20765
5895
18251
10470
915
12544
31881
14830
3951
23754
26195
9052
5121
27844
15512
28724
6090
5817
16905
27693
15410
10432
13683
8120
22910
1376
27980
19773
5884
11000
20876
21416
21376
19038
10174
6692
29204
12487
25942
26918
24300
2279
31813
21678
24728
14169
21963
7114
2429
22080
28556
8539
23942
5167
20199
25115
23
31302
16003
3039
32323
23966
2602
6682
2366
32744
11483
7075
13589
9040
9498
1464
3996
5544
25483
14402
9128
30402
1983
5978
15487
15901
24398
24077
32141
17348
23334
3676
8793
20596
28450
8839
31415
30973
4063
25484
30526
18666
17099
2282
23036
100
29822
1450
24425
26964
2382
9888
29594
1992
23581
26095
18359
10648
8054
6091
23471
6473
21721
21635
20522
30769
20050
17342
5312
988
28240
11524
18024
19119
6581
29057
21043
5067
4138
21254
12346
32309
7861
11345
19156
6963
24717
32398
26125
2041
557
30750
6996
19076
15015
22678
15732
30151
28475
22027
14534
22789
13608
26509
17316
15998
9666
6385
29472
32077
14533
19412
2038
25233
6377
2524
1984
13771
9910
19521
30313
23687
7578
23692
17380
24895
3897
12959
16926
24956
10500
29686
14129
10046
30733
30764
24538
29086
7961
30401
30253
12466
13047
16922
4231
14513
12561
13257
27845
12375
17473
11791
31667
16011
19430
22175
16583
15168
22838
28325
23056
26521
5846
27655
17513
29008
20136
14315
12274
17752
484
13945
30913
30145
18282
31714
6100
14045
25686
21153
8266
14241
21205
30465
7379
22861
11064
11231
24934
2640
9031
3249
9522
18533
6104
16583
30934
3587
21664
29649
27860
12020
3656
14242
31811
26691
17091
13107
4037
10076
29664
17131
11449
19567
28699
28189
9394
27669
7609
21971
22823
21558
31764
202
26476
22570
20275
10429
20704
10270
10653
27878
29545
14266
18543
3523
26141
30721
30125
5654
3650
26744
25814
5423
121
17290
15803
20077
566
18987
18832
515
16243
29372
30276
13048
2214
32558
9230
3698
11504
15979
29001
22579
17559
31985
30849
100
32694
26816
13518
18065
19763
27767
96
3574
28146
17850
24924
18169
18504
23254
6375
4599
4019
5032
10367
32579
5320
14779
16786
4204
20844
9136
21321
24255
1351
12259
10917
2829
30326
21067
22734
23215
10880
14754
21416
9670
11148
20422
1190
31431
11729
6496
14819
6968
10573
14531
11631
13748
15290
6167
5862
309
26302
32438
31560
7571
32354
5590
12036
23879
23493
8297
15958
23669
10258
27201
12243
2346
21423
12920
21827
226
3511
5391
7854
26445
20395
14293
9146
6738
20836
16010
22324
26453
31052
19013
6380
9653
7374
2067
6598
23193
9483
4833
17934
18925
27599
11420
10764
6311
25795
4758
1240
25679
26340
28972
32112
29630
10803
15014
11784
25894
19886
25950
31137
32082
31104
21797
24541
31791
29045
29666
17170
6796
11184
15740
21661
5406
16288
17146
7033
26823
16688
26857
18704
9239
23614
25854
20560
29204
17487
16125
29442
16950
19585
22745
14679
12726
15297
16925
1988
6665
12605
23178
18192
26791
11548
2050
21164
9232
4461
933
8514
16913
12126
569
23440
13123
13487
15311
21879
18390
3430
5795
7503
20876
3523
31045
5502
9992
30838
2038
19529
27721
13584
20821
1514
17522
19128
11835
11490
20684
29471
22755
7312
8461
22966
32590
31235
30939
23326
21733
3853
3724
22751
26465
23448
10032
30046
15080
20797
13265
19465
29048
27923
21497
31189
393
9157
24949
2538
16366
21480
26969
6812
16637
12939
13892
20126
21743
26127
20453
24178
9098
17209
5054
24100
11005
24709
19240
2872
9739
29629
25240
14049
7531
11723
9760
8308
10351
2252
10041
21531
8421
15461
12223
25038
20027
19546
26173
127
19430
25948
1899
29077
12035
31779
22773
14492
12095
25277
14718
31547
22261
18470
29157
7526
32407
22040
11207
28116
5967
24868
12613
30388
2278
24322
23047
18076
9956
5926
18816
17858
249
16787
25204
27502
4763
2036
5048
26543
5617
7401
25146
5454
32240
23967
21569
18432
23492
12707
8693
19167
13169
7416
20257
8987
954
14439
4664
27373
1346
1046
11414
22733
25841
18524
6153
18149
32153
30932
11664
20165
21721
19888
10594
19800
24386
1872
12338
25367
20409
4116
14770
17532
30236
28782
1110
28346
28969
18747
30298
5291
14235
18515
4102
22538
15509
19294
21297
8930
13124
9450
17412
13638
13761
14267
26368
15171
21300
23650
24642
32531
18751
17682
6150
2963
27802
21422
2155
21240
1274
5670
6262
11709
8248
23812
10328
17887
8367
8258
13044
16973
2790
9823
10396
18074
22127
8626
26395
6902
17934
14333
29433
4188
2846
10309
22010
29965
14385
737
18152
11580
18167
10194
32402
17419
13665
32594
24085
2230
32261
8367
19034
3086
28613
23386
24800
4650
10411
22075
27068
19545
14360
14664
10974
28506
11294
5462
149
31184
3626
32303
24406
16112
4838
2788
8889
2429
349
12389
19908
27382
5473
10830
8300
2830
24873
26116
9817
2908
29247
9217
8938
21332
15770
17260
32377
22646
5894
27629
6368
14021
14285
2495
9531
11643
6288
20487
29424
21499
8822
13668
18413
6919
31625
7879
12337
28211
29276
11397
26254
2457
19697
23978
15021
22479
32475
32145
6226
27670
2720
4017
5089
27860
4705
11706
8226
581
23485
3041
20801
7533
19186
6007
20761
11089
6469
25537
26801
2150
19109
22788
17159
18506
9867
23007
19725
9650
14372
21213
22258
11940
6578
26699
23202
230
3888
13895
2960
10934
13364
22298
5043
955
16666
9160
8654
4668
11103
25317
11509
20624
9547
22953
4429
26325
16595
29511
27155
11493
14781
29307
19680
2182
11013
24930
18987
31713
13184
13199
22287
30774
19903
20059
1102
18637
24374
27516
9879
10800
17053
2522
21508
24983
20887
24734
23271
26788
12690
2187
5574
336
26606
20369
16548
17958
31073
27295
13186
2735
6298
31162
9766
8237
10276
4684
24859
21131
5006
17342
32761
12693
17353
19016
10471
31333
13009
25608
23901
13597
25231
31826
18479
23260
15103
8520
11463
6122
5006
30634
23473
32310
27590
8431
20574
15363
5932
18324
23585
10974
24681
17844
638
19155
26537
6617
27300
32224
16449
7698
2616
6058
4500
13637
27988
5487
16183
25287
16336
4668
23635
42
31680
19296
28235
1366
24893
18720
17055
5851
7017
32684
23569
20102
13997
31826
15110
29235
19525
29426
1326
3297
1791
16306
20583
7692
25919
12530
5343
21303
23623
11651
2681
32712
16565
2835
30067
18200
6221
10476
9797
11467
14585
8927
12492
32605
22798
12410
7847
20734
29905
1154
8418
29344
11578
16541
1233
9550
1016
20814
28735
30143
6324
17958
10441
30251
19354
31289
27268
19037
26902
8400
4582
14858
17115
2653
7395
15713
23082
13748
18262
14307
32593
375
18083
21877
2674
4562
26778
15795
4485
15977
6559
4488
16288
7311
5640
26363
12662
31161
19143
14156
31519
23090
10569
29504
15127
20496
29342
12729
24200
15974
15833
11401
31436
23739
15802
32648
24621
3771
2442
24037
18928
25645
27975
12729
20371
21797
1281
23010
31570
3707
10116
31246
10736
25211
25655
4374
6067
12766
6212
18830
16049
24826
24313
14490
27210
11573
24943
32514
9206
30399
18793
137
23873
21121
23422
9595
31507
30800
31867
23174
9781
24935
9731
17098
1297
11028
3704
20531
17081
4529
2079
13831
1835
6102
23422
27067
17620
11725
8457
9739
32594
27974
24062
9290
28542
15692
26766
32758
10410
29304
22333
30863
8999
16229
32651
1449
20491
2403
18388
28993
6704
30064
20597
27725
30848
16740
14384
20886
30064
15723
32722
2762
20427
31160
20754
19405
6321
31864
11453
6225
29407
5125
17424
18342
22321
6493
357
31443
612
14034
1043
14565
28705
1795
5007
9607
1847
8202
19927
1491
23337
24311
5392
1896
9960
1918
109
32189
25825
3052
21588
2485
10298
4447
17852
24435
7001
1079
3290
7791
18343
20680
2812
28617
2707
5201
1973
24286
23513
23090
18746
8218
18692
14681
3084
14861
18993
26110
7639
17600
21527
2960
8090
13129
19268
751
13065
23453
15529
14555
5936
12454
32601
22701
30808
25237
9102
3908
30510
22906
21229
31299
11042
15889
1547
6010
9230
1247
13103
18593
12056
12158
23130
16204
25305
14390
4740
25883
14015
23501
31785
5169
10671
13727
15620
13288
15343
25073
26907
3523
16452
6786
31995
28325
18519
355
19781
26688
12381
3593
3945
18127
3575
20641
24498
3848
1623
32675
26755
6220
20389
938
3808
5922
24993
30083
18479
11235
6537
17027
32064
18871
21821
27422
7820
2495
18849
4022
19898
16020
6211
16305
16488
23537
26686
16078
16423
1708
1630
13497
27591
24811
20612
31453
7638
26260
28748
31865
7267
28165
10478
23798
30215
8454
15458
22648
12327
507
11208
4787
10867
20831
22278
18432
23474
26477
16307
5295
19394
22048
29492
18079
28378
26462
24612
27917
17939
19312
6906
6826
26919
2998
21989
3568
23928
5529
4091
13237
24148
29120
16275
14337
31351
31623
31727
6429
10961
11437
27167
28908
18058
20812
28961
26750
30788
14351
31053
2531
6304
12959
15089
25661
4611
31326
24632
13849
12698
19800
32336
4608
2459
22391
10699
12616
18638
15350
10822
26928
11085
21271
4425
30253
26760
28697
14447
4478
17035
17252
27335
1286
6788
11528
15737
12635
11903
4965
23469
14875
25717
4651
18856
19583
18053
5510
25400
13362
5249
13714
6483
12899
3756
26133
13051
19225
24002
20077
5476
31942
15417
24007
22361
5664
17607
28562
9180
7724
2596
5172
12301
667
23569
20987
18509
90
23961
29270
14498
31333
20631
12101
5213
13020
14968
21774
8443
6744
17986
11314
26698
10623
2005
16287
13773
30934
1138
21287
864
2775
9337
7729
6431
31812
29303
7854
25733
3770
19295
6223
19153
16777
25624
5109
31406
27843
18488
29546
274
4755
13840
27982
9575
23248
31720
1364
20713
27858
14987
21678
1359
7045
12551
14021
9901
6075
30126
11822
7321
7367
16480
5593
3725
19271
10765
29324
16268
9793
1397
30864
19720
26226
13618
6571
21764
6114
8953
12110
18294
13756
15389
5390
26351
14429
5972
18264
15485
18859
10174
23137
721
5032
8483
23901
19613
23879
29053
32241
27200
27006
29622
32746
21157
19612
16306
23855
4968
11229
15248
8692
3131
6971
21037
22833
31113
3464
29418
7507
4697
2746
16048
8497
15732
8326
1585
17729
8650
16688
32112
3340
5650
1185
18563
2271
13233
32698
17815
1988
4317
9704
14390
9648
26114
26872
14789
2558
8804
2861
4945
27164
13319
22416
25739
9349
1740
13448
15376
2031
32476
17578
1262
6853
29257
2514
28004
30423
26099
15987
10986
3409
4521
22827
16241
26345
28561
28315
9196
13405
23242
25973
31759
17181
335
12502
14167
10820
11551
1239
17226
17357
10395
14687
13056
17924
16943
20283
32738
4410
13108
19312
18354
1469
28181
23759
11212
30216
6065
32715
13739
2358
12289
5256
25774
8637
11771
6964
18716
7256
4790
2714
20583
31557
14286
29940
9901
20913
23818
28417
20868
881
14652
27992
26615
11506
4713
3068
3020
18291
8490
29744
2057
23921
17234
21645
14518
25443
16849
8017
8163
2216
11737
762
19437
5310
6463
20756
29438
9396
11811
18255
26579
23778
27091
28372
19394
25303
32493
1497
8699
13203
8900
10099
10254
10743
18949
9644
6061
18809
6299
18902
13747
8476
2255
28447
21094
23200
3508
11109
7929
18933
13506
31307
31830
4342
2753
7820
10010
11092
18409
11663
25824
30416
1863
31036
5826
2990
3426
19471
21789
31078
25119
11114
30869
15260
16866
5168
13401
31570
10742
25999
9640
28765
1071
28189
31893
30485
13773
20263
8711
11857
5540
10821
32515
12691
3450
19762
18734
17279
27313
20443
30861
31890
8742
22710
19088
21008
2904
31573
30287
2366
22221
25915
30227
27346
17329
19694
2584
19112
22721
22350
22673
14262
9319
26404
20205
26690
18470
2814
10329
13906
21305
32059
15750
16485
12407
27234
428
608
11130
29112
20687
31435
20736
5137
29505
12349
11921
1254
31336
11029
13667
4520
23233
14187
17530
4948
26405
839
7699
7752
4427
27920
19523
25685
5007
5703
14556
32021
26609
3701
31888
2174
12385
10849
10585
24504
29754
23431
5144
18476
22284
7110
24956
23774
11422
16729
23077
8700
3635
20232
18953
30391
21773
5279
28439
22865
7728
13216
15131
12663
15208
23605
27874
5330
13709
22120
17566
14809
17414
11158
22411
3305
23948
1057
18131
7063
17968
3430
23984
19013
16032
31727
23248
2035
14502
32233
26877
29784
13553
12760
2813
11313
11800
30089
32439
12250
13532
8520
23448
6171
8622
852
28725
3396
32625
12176
9010
13436
4992
30587
23394
1878
9971
7778
13103
18853
29982
7637
31549
4498
25435
3671
20554
5611
26122
2137
18521
14014
14037
4458
31503
29735
16441
27048
26973
18278
25153
19834
2143
4660
29845
32641
29572
6232
10676
11979
2544
14197
14206
3402
31518
20774
26869
10885
1738
6988
32068
26254
29710
19111
30721
4404
971
19364
18095
2425
25162
32118
24455
28999
23587
9064
15736
18782
23134
114
23916
2449
27097
20746
8397
2354
20969
5948
14663
19403
32324
27901
464
1550
16415
20669
26854
28431
10899
8251
20504
12721
3653
13725
1224
4702
22598
23232
13871
7420
22584
1741
3234
28444
12723
6669
17939
29300
31975
3070
31706
7055
23170
16294
30134
195
32468
29223
11790
23908
30768
30612
27517
21815
13462
14851
5006
3113
2704
12003
6852
26177
18778
13968
13790
980
5189
6693
12376
19960
3421
7058
3125
10042
4938
19438
20220
5268
5748
7182
8193
29337
18795
23382
7141
2803
12421
6351
352
7695
21705
6778
6974
13591
7691
24292
2984
20513
6233
23803
23717
17574
10390
30240
31201
24629
29797
20093
30636
9064
329
32665
19269
10520
20234
22825
22617
3533
29018
9258
30663
27512
27832
7212
23462
15717
23189
4849
29833
16491
6325
29238
15361
9062
2009
4049
2148
7143
7579
2044
19917
13097
19865
4593
28772
24391
3541
695
3040
15533
31324
29243
21578
31692
23590
13986
29699
22291
5950
10718
2824
9498
17442
28031
13173
23328
30829
8396
12104
5047
691
15635
9064
28094
7597
3133
998
22416
24214
28069
5506
6779
25300
23851
10353
14964
219
28804
28765
32264
79
16084
7598
12950
7528
26238
7176
188
23451
9530
6676
25871
27511
13929
16004
8463
10189
27558
11857
14426
28179
13214
18503
19999
22026
801
14788
30422
3231
21625
20669
21038
22031
12538
12033
327
31567
30938
17090
19746
9899
23875
10321
4438
29613
16551
22825
16132
13888
29012
19503
3084
15637
29256
27448
8833
4934
17990
460
25691
1338
28969
2346
5996
27848
9081
30091
3478
2207
17468
26795
7482
25317
19726
28038
32243
2846
11380
8543
23941
10064
8814
28167
16656
8292
19275
14684
1674
28112
19649
11792
6763
17523
22845
428
13738
11456
32120
23508
14313
17439
27723
17100
29165
11664
15556
12603
29776
30098
20089
14639
13946
27971
18460
22626
10701
16584
25680
25020
3360
19695
187
8216
5231
30739
9053
5707
14544
4673
27168
98
17577
152
6320
31276
28705
14326
14476
28409
8660
19153
32606
13984
10187
3682
28552
967
31915
6921
26367
1886
27948
11245
4188
28013
12749
8675
27184
5904
20679
11665
22680
13759
23615
25811
29970
11219
24767
18269
4239
22086
6119
30370
7114
9147
13152
9461
27095
7358
21522
32750
255
16716
407
6672
28107
24470
13807
6056
19551
18434
20853
8952
31753
627
2833
27541
12570
26826
12464
13582
22773
19117
19441
14542
1125
32391
32545
24388
19508
975
11882
5185
25593
6798
18759
15009
20273
29723
18491
813
27793
24873
12995
10944
19355
8452
16777
25513
112
13848
28890
28241
27109
25523
5978
9502
7640
14604
21751
32662
28613
19843
28187
20680
17812
4650
26406
17639
11957
23685
29723
25145
29039
3726
4249
4399
629
32764
21518
28630
6843
3269
22055
29806
24455
27874
14219
9047
20683
14674
8904
23605
29106
16993
22925
588
24441
6954
8731
1068
19072
32347
10486
1683
1441
28728
10976
13967
8128
16867
31495
1763
15267
23002
14718
23724
6660
26049
19946
28484
2533
22882
31358
24423
13092
24306
6953
18836
28495
7317
25869
22454
9401
29477
14900
5636
22478
6703
25982
3878
26275
15679
21214
29593
8914
32350
6086
20564
15748
472
24544
6316
14799
26435
4607
1909
22851
21436
16725
7018
14015
29044
16102
13007
905
2156
24380
2644
6814
5244
18525
9021
24135
31898
23546
21696
5101
20313
4585
3246
12846
10416
22230
854
21809
9469
17205
26279
19766
1353
15994
16532
31601
26830
25229
7357
28952
16310
13176
12619
1211
23334
32611
3867
20948
15995
31427
7456
22175
5588
27854
25346
9259
30160
50
26379
21681
18585
3078
9028
15398
3105
26881
21979
1804
17835
9962
12488
15245
20110
13903
11440
20682
24117
23162
778
20593
30059
30625
4992
13965
3797
4445
14488
931
14528
3421
20371
13562
31774
3676
30614
5946
13514
31568
19463
10041
16148
1765
7738
29969
7801
19241
29261
15734
434
19849
17232
11590
18417
32508
21161
866
27495
3198
1719
1213
29961
5056
7350
30386
23956
4126
12771
5019
32718
5073
26592
11679
15
8550
10329
29643
19713
14702
19432
3428
7588
28792
10294
32636
4245
8508
18788
4292
20623
3865
23209
8097
25138
3266
572
7810
32515
31540
13428
10864
8629
13547
16941
28647
10151
14677
9839
20964
11181
11399
22346
1855
32275
32559
7684
8763
24031
21193
14967
13916
22359
28182
21940
4216
27587
21962
2028
13585
26228
23941
30097
6370
773
17669
18360
18360
18657
13722
962
28035
16389
13274
1595
30125
25352
22933
9474
13482
29272
27660
15530
20433
3270
8797
11553
22378
12613
12354
2447
18184
3566
26875
32641
24601
16456
3721
14663
4795
27335
8477
16282
26833
17298
17104
7811
10070
137
916
20856
6642
17543
10603
15047
15563
29156
18647
10808
14494
1599
16785
14061
25870
25466
29565
28814
17724
10757
16350
11171
12951
2144
10951
27969
10742
9179
12498
14825
28388
32417
9491
19373
31034
32500
11087
29588
24820
31674
8810
10816
15421
29241
4895
5070
9164
18719
30452
31486
20851
17605
27500
1940
3317
4276
9598
13310
23321
617
14662
17974
8956
31061
2555
20458
15787
40
30241
31195
9201
4943
5119
7811
11886
12475
4692
30714
7145
5349
4422
25882
20968
18703
1947
2530
2941
26316
2091
20248
27234
13506
31637
1330
7752
175
8754
11895
5741
23210
29255
13410
29037
5548
9855
3143
8026
12622
4248
3896
27150
4308
1116
2346
22464
9067
28371
17236
7126
25007
28087
3544
2554
17520
31528
3237
16240
6326
417
19356
30375
21762
27691
24050
14606
21463
1744
3285
25384
6009
17235
22866
12003
31477
13854
21878
14374
29793
24444
6323
12201
19557
5384
21382
12297
28411
8038
18007
26908
14706
24624
8097
5506
27065
5171
1362
28284
4826
1500
19829
4609
15045
17389
10766
3855
1359
12404
19525
3136
4218
31742
17095
15517
26103
24840
5994
5814
9705
13238
28688
499
20204
6600
14029
28197
18262
32457
3404
2400
3005
6281
3950
2061
9913
4046
10549
13115
21994
8519
993
12598
61
19137
20056
15451
24940
22685
25803
15402
3780
26498
7063
29853
14635
11855
12649
16312
20577
9300
11430
1378
27526
22465
10250
25971
6877
2142
21135
18446
1743
23165
9872
18481
51
13870
7214
11402
26060
9905
23283
25229
787
20017
11957
12227
19511
16815
17341
3429
7011
24892
28201
25129
21311
107
143
3676
2745
29446
30179
32305
9733
20992
29339
13913
226
3243
24848
3795
3616
6699
11560
4102
4191
24363
25394
9741
20505
7118
13841
7762
29411
30184
12445
9054
22511
29551
5702
10991
7638
31020
14075
2635
13716
8630
14922
9429
9940
161
9672
26846
26991
9715
8883
3773
30767
30167
18134
20002
216
10390
25773
32167
21865
1730
9930
20648
671
13749
31351
10069
12219
10298
3485
9477
11141
1929
25572
206
19089
10361
18204
17490
31425
24817
5852
27867
12299
20895
15208
8875
3708
30701
16344
31373
30077
7217
22391
30128
20566
28708
21098
13237
20464
29078
17810
2823
29151
25952
27059
31595
30879
32409
30165
11992
14622
1549
30954
31880
24955
5610
30386
8783
7438
15805
19420
10284
14760
8861
7534
8734
12828
28582
22374
17464
16894
10922
32417
31992
26282
16674
23037
2517
29064
24939
14011
14871
3983
29743
19495
21483
27144
18977
634
20407
17557
20973
8447
23979
15473
27246
10101
27033
3321
9506
22197
4358
32108
3292
11412
16257
23535
17593
22283
25907
10708
4949
25237
31672
23835
11839
10201
19757
23353
22954
15497
12682
4377
12389
27530
13874
19553
10253
30805
25545
14838
9601
12701
5702
11714
13718
5938
6985
6069
15884
5925
2734
18953
15041
9773
3426
29899
23333
14153
1653
31383
5102
22183
21105
675
30989
27589
4331
27646
29664
26326
11351
1562
10665
23911
5153
12937
9791
23106
23801
21508
7939
25746
15214
11953
25110
585
3262
7590
17865
14783
25068
16809
11349
22171
16660
3385
28621
30199
4348
20947
19024
7615
25323
12910
3715
25434
3774
8008
17470
25997
21816
16100
32134
7580
31898
26707
30652
19378
7027
4788
23827
642
1466
24055
14920
5679
4122
6374
31885
29289
7565
26725
3014
7130
11052
29688
21751
24768
20038
15239
22781
31963
22703
31326
4989
13449
5978
15224
19995
11056
24362
765
13292
30940
23558
12553
14637
17193
22060
431
11061
23908
25031
20030
31912
13293
11459
29634
8686
1759
24288
718
4579
14323
16389
7289
16080
12194
6360
8359
7067
7562
395
4490
314
6163
4856
20584
2157
24402
11761
6046
11181
18222
19665
21989
17759
3265
4951
20180
15950
6913
4277
9382
88
671
26595
12094
360
10543
21049
17512
31396
29578
12349
21858
8167
28528
7354
1435
27505
16498
13842
7866
20957
21519
4564
1506
29268
8478
3729
5684
5889
30316
30700
1174
6596
7333
12529
12467
299
20344
22696
1859
27038
20982
7401
22925
3801
8763
12145
20010
2464
4177
4406
20235
5549
15441
10232
6334
29678
16331
21017
20204
15597
1640
27822
14887
14224
6606
32726
4834
2050
25796
1355
32193
19185
12695
32054
7444
28922
26556
17736
23454
28257
19638
26118
21658
4870
19515
19044
32000
7828
2962
5526
29188
25852
19519
2851
4319
5922
25058
15675
15315
981
16221
30026
28777
25861
24373
2765
4862
3376
2875
7269
4989
2334
18283
24361
20334
2510
25620
30785
21808
10928
31545
5297
27778
26645
23863
13170
2121
23011
12457
21959
1421
1677
18825
2510
23492
25154
31640
853
8787
20069
27647
14064
3922
11582
9782
11080
21391
24047
30757
29878
30678
13481
22921
3857
8048
17183
25242
2500
21482
1339
5611
14883
15896
17936
401
26623
28760
20753
31623
10359
9755
17280
32081
23314
7330
4649
25312
32011
26886
5967
4278
18156
28539
15591
17738
18526
24533
5892
6574
30272
23372
659
30063
24310
10108
7240
31165
30980
4784
9176
10187
16347
27999
8041
18041
4850
15607
21318
19249
2841
3034
25048
18958
14859
31398
10194
12612
2114
30394
10411
21436
9487
14838
8017
1790
15593
30657
1820
22612
27142
23377
12544
7468
4904
15143
14600
25279
11450
9688
28671
240
4123
11283
3440
21623
23866
3040
15826
25662
6755
8486
24828
30219
1624
16240
3295
22112
20644
22768
10355
22432
11308
5829
13042
19570
28679
18041
2885
362
14991
16590
19387
31207
19128
11706
3585
29751
929
18864
11087
30978
20073
4129
19679
31205
20036
28483
24739
17245
6862
26897
17975
17895
29855
17811
18453
31333
10271
14943
13576
26052
4763
11104
11747
32732
32153
26838
31602
407
17513
3742
177
24150
30717
26804
7484
27792
29947
246
5127
444
8207
14890
19023
1394
15494
7235
29392
16333
4377
13792
31033
26387
20230
14102
16861
12440
28518
10607
4523
26847
31418
26930
12896
22275
28359
17381
9979
28501
13988
24593
1137
6471
26897
21061
17059
3209
16650
861
6541
2417
1180
19460
16064
28832
19960
27000
5906
32227
27334
12174
12436
10839
17851
7157
6340
31185
3694
11966
25348
14204
4967
11292
29515
26052
633
11113
24859
25971
851
5994
1715
6170
24657
980
4229
435
12696
31759
8426
11652
15969
12089
23573
23111
2197
7534
28741
12679
13979
10823
28223
3661
20333
14496
1532
5884
31986
13215
31647
11898
18568
10482
26794
144
1503
22615
7536
11668
24590
23650
14030
22853
15584
20603
15382
8438
27247
6182
22860
15599
19189
11143
2453
20752
29406
3365
17900
12471
27938
19694
3095
6628
6609
15483
20953
11163
23280
14486
14442
7050
899
11257
5156
28396
15595
12121
7295
15021
22130
27299
22591
11983
13093
7046
6636
28940
18914
25905
8323
2749
27569
19806
12395
28154
17495
2703
14506
22019
18729
1943
22617
1758
2591
16477
22613
12354
6441
23517
27960
30644
31686
10095
21896
28144
23250
22348
10286
29578
25759
12366
26409
20693
5448
32503
10883
1284
22850
32693
30596
4239
15924
7268
6183
16089
9737
8981
1738
13071
12355
23054
16937
15443
19858
5394
7565
13594
12709
12258
24897
29138
5952
4611
20294
713
2703
8130
24647
19786
11706
15478
19663
16393
11193
16901
14010
9920
19818
4521
1770
24859
25824
8692
21307
210
766
11794
24760
4884
11077
27215
5647
6444
31211
25048
29250
29791
28717
25030
23456
18707
23270
5464
23284
7479
1887
14208
5884
13790
14953
32162
9244
30765
7593
8088
31828
20856
5940
8441
13168
27304
16220
16283
15230
10976
26825
11094
19845
19808
28363
27403
19060
3753
15854
4837
10329
13537
19151
12255
16339
30586
27439
3207
3530
2575
17734
13057
15709
20110
18777
20558
3612
29340
27023
23759
27256
31797
1025
11780
17015
2451
13072
21914
32429
18514
30715
29093
8039
26577
29617
21034
23593
2779
8675
6112
22363
31879
19038
12343
14911
11356
7320
21146
19750
13753
10632
25329
24548
30324
12219
23915
5761
30914
28069
12154
28209
13399
28213
8735
3718
27342
940
14695
15077
9034
25774
11574
30775
2398
8089
24387
15072
13098
22551
29284
12533
4807
751
26380
31913
5862
5153
24849
29449
16051
21297
31411
13034
9472
18883
18651
10271
18079
104
29856
20207
2063
32184
3599
19398
15964
15265
31788
11050
16192
1790
11828
24049
15502
32107
29221
17841
28368
7512
5248
25977
21295
7261
11598
2750
148
30669
15969
664
22541
29582
1756
12079
5234
31528
12278
4463
32072
6427
14074
6916
16613
30838
14482
23682
14805
9381
326
25571
9085
31627
1856
24375
510
1489
12626
22423
16733
10621
3898
6235
20448
27334
26404
5773
14267
12070
15472
27805
31723
14002
13238
15957
15459
16295
30727
6416
25958
2117
1398
9255
28212
8928
31959
13741
27368
20532
25799
8028
30113
21497
31725
18382
13024
30647
127
25585
30001
12252
4359
25781
17422
5900
2663
27911
18944
13240
1818
25603
28167
15346
25534
30565
7228
19327
27855
8769
437
16430
6582
3061
16297
12393
30978
21339
22996
12298
12789
6723
25629
22384
16194
25888
13175
16593
18197
8961
5637
28625
13396
29123
22145
22356
29988
29317
3806
29073
688
16989
3628
7785
5670
27465
21949
15350
12033
24937
29062
11622
20110
24683
12231
17418
3241
15686
31727
16042
27080
43
24762
21276
